3467
0 L 0 548 1
0 D 338 548 1
1 L 0 293 1
2 L 0 594 1
3 L 0 614 1
1 D 659 293 1
2 D 659 594 1
3 D 659 614 1
4 L 0 862 1
5 L 0 970 1
4 D 514 862 1
5 D 514 970 1
6 L 0 452 1
6 D 216 452 1
7 L 0 163 1
8 L 0 362 1
7 D 17 163 1
8 D 17 362 1
9 L 0 385 1
10 L 0 628 1
9 D 653 385 1
10 D 653 628 1
11 L 0 724 1
12 L 0 736 1
13 L 0 940 1
11 D 428 724 1
12 D 428 736 1
13 D 428 940 1
14 L 0 558 1
14 D 175 558 1
15 L 0 720 1
16 L 0 730 1
15 D 449 720 1
16 D 449 730 1
17 L 0 404 1
17 D 124 404 1
18 L 0 889 1
18 D 465 889 1
19 L 0 301 1
0 L 0 627 1
1 L 0 743 1
19 D 332 301 1
0 D 332 627 1
1 D 332 743 1
2 L 0 37 1
3 L 0 270 1
2 D 365 37 1
3 D 365 270 1
4 L 0 158 1
5 L 0 432 1
4 D 149 158 1
5 D 149 432 1
6 L 0 338 1
6 D 297 338 1
7 L 0 820 1
8 L 0 837 1
7 D 462 820 1
8 D 462 837 1
9 L 0 372 1
10 L 0 486 1
9 D 134 372 1
10 D 134 486 1
11 L 0 133 1
12 L 0 653 1
13 L 0 856 1
14 L 0 982 1
11 D 11 133 1
12 D 11 653 1
13 D 11 856 1
14 D 11 982 1
15 L 0 672 1
16 L 0 953 1
15 D 356 672 1
16 D 356 953 1
17 L 0 41 1
18 L 0 301 1
19 L 0 543 1
0 L 0 906 1
17 D 782 41 1
18 D 782 301 1
19 D 782 543 1
0 D 782 906 1
1 L 0 332 1
2 L 0 499 1
1 D 525 332 1
2 D 525 499 1
3 L 0 350 1
3 D 73 350 1
4 L 0 615 1
4 D 706 615 1
5 L 0 539 1
6 L 0 855 1
7 L 0 931 1
5 D 52 539 1
6 D 52 855 1
7 D 52 931 1
8 L 0 992 1
8 D 504 992 1
9 L 0 382 1
9 D 559 382 1
10 L 0 910 1
10 D 799 910 1
11 L 0 384 1
12 L 0 789 1
11 D 681 384 1
12 D 681 789 1
13 L 0 168 1
14 L 0 360 1
15 L 0 382 1
13 D 259 168 1
14 D 259 360 1
15 D 259 382 1
16 L 0 388 1
16 D 731 388 1
17 L 0 684 1
17 D 231 684 1
18 L 0 100 1
18 D 735 100 1
19 L 0 48 1
19 D 20 48 1
0 L 0 522 1
1 L 0 649 1
0 D 348 522 1
1 D 348 649 1
2 L 0 741 1
3 L 0 954 1
2 D 677 741 1
3 D 677 954 1
4 L 0 261 1
5 L 0 453 1
4 D 621 261 1
5 D 621 453 1
6 L 0 862 1
6 D 191 862 1
7 L 0 372 1
8 L 0 870 1
7 D 631 372 1
8 D 631 870 1
9 L 0 68 1
10 L 0 151 1
9 D 228 68 1
10 D 228 151 1
11 L 0 653 1
11 D 531 653 1
12 L 0 401 1
13 L 0 444 1
14 L 0 751 1
15 L 0 917 1
12 D 422 401 1
13 D 422 444 1
14 D 422 751 1
15 D 422 917 1
16 L 0 70 1
17 L 0 659 1
18 L 0 935 1
16 D 775 70 1
17 D 775 659 1
18 D 775 935 1
19 L 0 87 1
0 L 0 326 1
1 L 0 552 1
2 L 0 793 1
3 L 0 819 1
19 D 249 87 1
0 D 249 326 1
1 D 249 552 1
2 D 249 793 1
3 D 249 819 1
4 L 0 466 1
5 L 0 575 1
4 D 139 466 1
5 D 139 575 1
6 L 0 109 1
7 L 0 623 1
8 L 0 918 1
6 D 634 109 1
7 D 634 623 1
8 D 634 918 1
9 L 0 239 1
10 L 0 739 1
11 L 0 859 1
9 D 411 239 1
10 D 411 739 1
11 D 411 859 1
12 L 0 233 1
12 D 233 233 1
13 L 0 88 1
14 L 0 320 1
15 L 0 484 1
16 L 0 894 1
17 L 0 896 1
13 D 159 88 1
14 D 159 320 1
15 D 159 484 1
16 D 159 894 1
17 D 159 896 1
18 L 0 616 1
19 L 0 773 1
18 D 276 616 1
19 D 276 773 1
0 L 0 227 1
1 L 0 434 1
0 D 273 227 1
1 D 273 434 1
2 L 0 129 1
3 L 0 997 1
2 D 128 129 1
3 D 128 997 1
4 L 0 277 1
4 D 503 277 1
5 L 0 642 1
6 L 0 961 1
5 D 3 642 1
6 D 3 961 1
7 L 0 60 1
8 L 0 528 1
9 L 0 565 1
7 D 90 60 1
8 D 90 528 1
9 D 90 565 1
10 L 0 228 1
10 D 568 228 1
11 L 0 8 1
12 L 0 691 1
11 D 552 8 1
12 D 552 691 1
13 L 0 5 1
14 L 0 200 1
15 L 0 209 1
16 L 0 275 1
17 L 0 315 1
18 L 0 344 1
19 L 0 348 1
0 L 0 488 1
1 L 0 562 1
2 L 0 593 1
13 D 591 5 1
14 D 591 200 1
15 D 591 209 1
16 D 591 275 1
17 D 591 315 1
18 D 591 344 1
19 D 591 348 1
0 D 591 488 1
1 D 591 562 1
2 D 591 593 1
3 L 0 139 1
4 L 0 323 1
3 D 53 139 1
4 D 53 323 1
5 L 0 142 1
6 L 0 931 1
7 L 0 983 1
5 D 298 142 1
6 D 298 931 1
7 D 298 983 1
8 L 0 86 1
9 L 0 141 1
10 L 0 587 1
8 D 211 86 1
9 D 211 141 1
10 D 211 587 1
11 L 0 255 1
12 L 0 671 1
13 L 0 781 1
14 L 0 835 1
15 L 0 981 1
11 D 668 255 1
12 D 668 671 1
13 D 668 781 1
14 D 668 835 1
15 D 668 981 1
16 L 0 119 1
17 L 0 289 1
18 L 0 526 1
19 L 0 635 1
16 D 596 119 1
17 D 596 289 1
18 D 596 526 1
19 D 596 635 1
0 L 0 218 1
1 L 0 247 1
2 L 0 500 1
3 L 0 782 1
4 L 0 794 1
5 L 0 963 1
0 D 1 218 1
1 D 1 247 1
2 D 1 500 1
3 D 1 782 1
4 D 1 794 1
5 D 1 963 1
6 L 0 66 1
7 L 0 107 1
8 L 0 779 1
9 L 0 780 1
6 D 21 66 1
7 D 21 107 1
8 D 21 779 1
9 D 21 780 1
10 L 0 275 1
11 L 0 657 1
10 D 156 275 1
11 D 156 657 1
12 L 0 643 1
13 L 0 777 1
12 D 587 643 1
13 D 587 777 1
14 L 0 104 1
15 L 0 293 1
16 L 0 442 1
17 L 0 587 1
18 L 0 797 1
14 D 619 104 1
15 D 619 293 1
16 D 619 442 1
17 D 619 587 1
18 D 619 797 1
19 L 0 759 1
19 D 371 759 1
0 L 0 380 1
1 L 0 896 1
0 D 747 380 1
1 D 747 896 1
2 L 0 41 1
3 L 0 279 1
4 L 0 287 1
5 L 0 480 1
2 D 97 41 1
3 D 97 279 1
4 D 97 287 1
5 D 97 480 1
6 L 0 404 1
7 L 0 616 1
6 D 470 404 1
7 D 470 616 1
8 L 0 270 1
9 L 0 862 1
8 D 268 270 1
9 D 268 862 1
10 L 0 256 1
11 L 0 335 1
12 L 0 739 1
13 L 0 883 1
10 D 362 256 1
11 D 362 335 1
12 D 362 739 1
13 D 362 883 1
14 L 0 181 1
15 L 0 237 1
16 L 0 622 1
17 L 0 966 1
14 D 691 181 1
15 D 691 237 1
16 D 691 622 1
17 D 691 966 1
18 L 0 372 1
19 L 0 401 1
18 D 328 372 1
19 D 328 401 1
0 L 0 659 1
0 D 172 659 1
1 L 0 683 1
1 D 326 683 1
2 L 0 115 1
3 L 0 286 1
4 L 0 350 1
5 L 0 424 1
6 L 0 717 1
7 L 0 722 1
8 L 0 753 1
9 L 0 910 1
10 L 0 914 1
11 L 0 935 1
2 D 450 115 1
3 D 450 286 1
4 D 450 350 1
5 D 450 424 1
6 D 450 717 1
7 D 450 722 1
8 D 450 753 1
9 D 450 910 1
10 D 450 914 1
11 D 450 935 1
12 L 0 112 1
13 L 0 189 1
14 L 0 734 1
12 D 110 112 1
13 D 110 189 1
14 D 110 734 1
15 L 0 10 1
16 L 0 455 1
15 D 499 10 1
16 D 499 455 1
17 L 0 512 1
18 L 0 967 1
17 D 455 512 1
18 D 455 967 1
19 L 0 159 1
0 L 0 890 1
19 D 185 159 1
0 D 185 890 1
1 L 0 806 2
2 L 0 879 1
1 D 751 806 2
2 D 751 879 1
3 L 0 439 1
4 L 0 769 1
3 D 213 439 1
4 D 213 769 1
5 L 0 247 1
6 L 0 388 1
5 D 80 247 1
6 D 80 388 1
7 L 0 266 1
8 L 0 931 1
7 D 16 266 1
8 D 16 931 1
9 L 0 28 1
10 L 0 459 1
11 L 0 906 1
9 D 783 28 1
10 D 783 459 1
11 D 783 906 1
12 L 0 8 1
13 L 0 76 1
14 L 0 303 1
15 L 0 415 1
16 L 0 435 1
17 L 0 550 1
18 L 0 614 1
19 L 0 645 1
0 L 0 755 1
1 L 0 904 1
2 L 0 992 1
12 D 339 8 1
13 D 339 76 1
14 D 339 303 1
15 D 339 415 1
16 D 339 435 1
17 D 339 550 1
18 D 339 614 1
19 D 339 645 1
0 D 339 755 1
1 D 339 904 1
2 D 339 992 1
3 L 0 239 1
4 L 0 251 1
5 L 0 371 1
6 L 0 424 1
7 L 0 560 1
8 L 0 971 1
3 D 70 239 1
4 D 70 251 1
5 D 70 371 1
6 D 70 424 1
7 D 70 560 1
8 D 70 971 1
9 L 0 139 1
10 L 0 198 1
11 L 0 730 1
12 L 0 820 1
13 L 0 843 1
9 D 370 139 1
10 D 370 198 1
11 D 370 730 1
12 D 370 820 1
13 D 370 843 1
14 L 0 160 1
15 L 0 455 1
16 L 0 465 1
17 L 0 468 2
18 L 0 511 1
19 L 0 520 1
0 L 0 534 1
1 L 0 789 1
2 L 0 791 1
14 D 71 160 1
15 D 71 455 1
16 D 71 465 1
17 D 71 468 2
18 D 71 511 1
19 D 71 520 1
0 D 71 534 1
1 D 71 789 1
2 D 71 791 1
3 L 0 407 1
4 L 0 785 1
5 L 0 832 1
3 D 549 407 1
4 D 549 785 1
5 D 549 832 1
6 L 0 111 1
7 L 0 360 1
8 L 0 616 1
9 L 0 872 1
10 L 0 937 1
6 D 25 111 1
7 D 25 360 1
8 D 25 616 1
9 D 25 872 1
10 D 25 937 1
11 L 0 81 1
12 L 0 210 1
11 D 367 81 1
12 D 367 210 1
13 L 0 168 1
14 L 0 950 1
13 D 646 168 1
14 D 646 950 1
15 L 0 159 1
16 L 0 238 1
17 L 0 538 1
18 L 0 727 1
19 L 0 832 1
15 D 794 159 1
16 D 794 238 1
17 D 794 538 1
18 D 794 727 1
19 D 794 832 1
0 L 0 295 1
1 L 0 882 1
0 D 323 295 1
1 D 323 882 1
2 L 0 162 1
3 L 0 230 1
4 L 0 268 1
5 L 0 427 1
6 L 0 452 1
7 L 0 508 1
2 D 436 162 1
3 D 436 230 1
4 D 436 268 1
5 D 436 427 1
6 D 436 452 1
7 D 436 508 1
8 L 0 28 1
9 L 0 162 1
10 L 0 237 1
11 L 0 239 1
12 L 0 883 1
8 D 209 28 1
9 D 209 162 1
10 D 209 237 1
11 D 209 239 1
12 D 209 883 1
13 L 0 467 1
14 L 0 571 1
15 L 0 591 1
16 L 0 738 1
17 L 0 978 1
13 D 458 467 1
14 D 458 571 1
15 D 458 591 1
16 D 458 738 1
17 D 458 978 1
18 L 0 133 1
19 L 0 210 1
0 L 0 359 1
1 L 0 553 1
18 D 444 133 1
19 D 444 210 1
0 D 444 359 1
1 D 444 553 1
2 L 0 262 1
3 L 0 914 1
2 D 487 262 1
3 D 487 914 1
4 L 0 456 1
5 L 0 751 1
4 D 262 456 1
5 D 262 751 1
6 L 0 783 1
7 L 0 971 1
6 D 589 783 1
7 D 589 971 1
8 L 0 832 1
9 L 0 862 1
8 D 600 832 1
9 D 600 862 1
10 L 0 242 1
11 L 0 345 1
12 L 0 350 1
13 L 0 749 1
10 D 50 242 1
11 D 50 345 1
12 D 50 350 1
13 D 50 749 1
14 L 0 81 1
15 L 0 375 1
16 L 0 594 1
17 L 0 870 1
14 D 244 81 1
15 D 244 375 1
16 D 244 594 1
17 D 244 870 1
18 L 0 389 1
19 L 0 411 1
18 D 703 389 1
19 D 703 411 1
0 L 0 160 1
1 L 0 414 1
0 D 415 160 1
1 D 415 414 1
2 L 0 16 1
3 L 0 86 1
4 L 0 106 1
5 L 0 183 1
6 L 0 623 1
7 L 0 834 1
2 D 743 16 1
3 D 743 86 1
4 D 743 106 1
5 D 743 183 1
6 D 743 623 1
7 D 743 834 1
8 L 0 157 1
9 L 0 237 1
10 L 0 803 1
11 L 0 921 1
8 D 456 157 1
9 D 456 237 1
10 D 456 803 1
11 D 456 921 1
12 L 0 468 1
13 L 0 482 1
14 L 0 492 1
15 L 0 794 1
12 D 162 468 1
13 D 162 482 1
14 D 162 492 1
15 D 162 794 1
16 L 0 673 1
17 L 0 875 1
16 D 664 673 1
17 D 664 875 1
18 L 0 396 1
19 L 0 626 1
0 L 0 649 1
18 D 429 396 1
19 D 429 626 1
0 D 429 649 1
1 L 0 303 1
2 L 0 355 1
3 L 0 789 1
1 D 419 303 1
2 D 419 355 1
3 D 419 789 1
4 L 0 127 1
5 L 0 277 1
6 L 0 573 1
4 D 129 127 1
5 D 129 277 1
6 D 129 573 1
7 L 0 74 1
8 L 0 149 1
9 L 0 560 1
10 L 0 759 1
11 L 0 874 1
12 L 0 937 1
7 D 652 74 1
8 D 652 149 1
9 D 652 560 1
10 D 652 759 1
11 D 652 874 1
12 D 652 937 1
13 L 0 284 1
14 L 0 907 1
13 D 200 284 1
14 D 200 907 1
15 L 0 66 1
16 L 0 105 1
17 L 0 302 1
18 L 0 653 1
19 L 0 773 1
0 L 0 875 1
15 D 153 66 1
16 D 153 105 1
17 D 153 302 1
18 D 153 653 1
19 D 153 773 1
0 D 153 875 1
1 L 0 129 1
2 L 0 225 1
1 D 758 129 1
2 D 758 225 1
3 L 0 397 1
4 L 0 598 1
5 L 0 922 1
3 D 644 397 1
4 D 644 598 1
5 D 644 922 1
6 L 0 384 1
7 L 0 419 1
6 D 352 384 1
7 D 352 419 1
8 L 0 316 1
9 L 0 451 1
10 L 0 702 1
11 L 0 709 1
8 D 788 316 1
9 D 788 451 1
10 D 788 702 1
11 D 788 709 1
12 L 0 490 1
13 L 0 817 1
12 D 550 490 1
13 D 550 817 1
14 L 0 113 1
15 L 0 481 1
14 D 320 113 1
15 D 320 481 1
16 L 0 80 1
17 L 0 151 1
18 L 0 716 1
19 L 0 750 1
0 L 0 775 1
16 D 508 80 1
17 D 508 151 1
18 D 508 716 1
19 D 508 750 1
0 D 508 775 1
1 L 0 122 1
2 L 0 127 1
3 L 0 450 1
4 L 0 474 1
5 L 0 511 1
6 L 0 537 1
7 L 0 816 1
1 D 76 122 1
2 D 76 127 1
3 D 76 450 1
4 D 76 474 1
5 D 76 511 1
6 D 76 537 1
7 D 76 816 1
8 L 0 486 1
9 L 0 727 1
10 L 0 791 1
8 D 785 486 1
9 D 785 727 1
10 D 785 791 1
11 L 0 64 1
12 L 0 116 1
13 L 0 773 1
14 L 0 891 1
11 D 693 64 1
12 D 693 116 1
13 D 693 773 1
14 D 693 891 1
15 L 0 150 1
16 L 0 862 1
15 D 305 150 1
16 D 305 862 1
17 L 0 75 1
18 L 0 319 1
19 L 0 939 1
17 D 238 75 1
18 D 238 319 1
19 D 238 939 1
0 L 0 185 1
1 L 0 794 1
2 L 0 843 1
0 D 92 185 1
1 D 92 794 1
2 D 92 843 1
3 L 0 189 1
4 L 0 416 1
5 L 0 576 1
6 L 0 707 1
7 L 0 761 1
3 D 674 189 1
4 D 674 416 1
5 D 674 576 1
6 D 674 707 1
7 D 674 761 1
8 L 0 275 1
9 L 0 296 1
10 L 0 809 1
11 L 0 902 1
8 D 314 275 1
9 D 314 296 1
10 D 314 809 1
11 D 314 902 1
12 L 0 375 1
13 L 0 999 1
12 D 545 375 1
13 D 545 999 1
14 L 0 5 1
15 L 0 593 1
16 L 0 770 1
14 D 537 5 1
15 D 537 593 1
16 D 537 770 1
17 L 0 228 1
18 L 0 554 1
17 D 194 228 1
18 D 194 554 1
19 L 0 727 1
0 L 0 852 1
1 L 0 875 1
2 L 0 962 1
19 D 547 727 1
0 D 547 852 1
1 D 547 875 1
2 D 547 962 1
3 L 0 2 1
4 L 0 685 1
5 L 0 727 1
6 L 0 755 1
7 L 0 765 1
8 L 0 801 1
9 L 0 936 1
3 D 452 2 1
4 D 452 685 1
5 D 452 727 1
6 D 452 755 1
7 D 452 765 1
8 D 452 801 1
9 D 452 936 1
10 L 0 94 1
11 L 0 212 1
12 L 0 215 1
13 L 0 372 1
14 L 0 401 1
15 L 0 411 1
16 L 0 615 1
10 D 220 94 1
11 D 220 212 1
12 D 220 215 1
13 D 220 372 1
14 D 220 401 1
15 D 220 411 1
16 D 220 615 1
17 L 0 811 1
18 L 0 953 1
17 D 188 811 1
18 D 188 953 1
19 L 0 162 1
0 L 0 263 1
1 L 0 398 1
2 L 0 431 1
3 L 0 590 1
4 L 0 773 1
5 L 0 915 1
6 L 0 916 1
7 L 0 926 1
19 D 312 162 1
0 D 312 263 1
1 D 312 398 1
2 D 312 431 1
3 D 312 590 1
4 D 312 773 1
5 D 312 915 1
6 D 312 916 1
7 D 312 926 1
8 L 0 123 1
9 L 0 135 1
10 L 0 764 1
8 D 173 123 1
9 D 173 135 1
10 D 173 764 1
11 L 0 512 1
12 L 0 790 1
11 D 742 512 1
12 D 742 790 1
13 L 0 380 1
14 L 0 730 1
15 L 0 765 1
16 L 0 817 1
17 L 0 819 1
18 L 0 905 1
13 D 696 380 1
14 D 696 730 1
15 D 696 765 1
16 D 696 817 1
17 D 696 819 1
18 D 696 905 1
19 L 0 116 1
0 L 0 121 1
1 L 0 154 1
2 L 0 302 1
3 L 0 347 1
4 L 0 478 1
5 L 0 529 1
19 D 207 116 1
0 D 207 121 1
1 D 207 154 1
2 D 207 302 1
3 D 207 347 1
4 D 207 478 1
5 D 207 529 1
6 L 0 97 1
7 L 0 175 1
8 L 0 229 1
9 L 0 235 1
10 L 0 478 1
11 L 0 904 1
6 D 396 97 1
7 D 396 175 1
8 D 396 229 1
9 D 396 235 1
10 D 396 478 1
11 D 396 904 1
12 L 0 170 1
13 L 0 336 1
14 L 0 427 1
15 L 0 531 1
16 L 0 664 1
17 L 0 686 1
12 D 313 170 1
13 D 313 336 1
14 D 313 427 1
15 D 313 531 1
16 D 313 664 1
17 D 313 686 1
18 L 0 561 1
19 L 0 741 1
0 L 0 809 1
1 L 0 979 1
18 D 42 561 1
19 D 42 741 1
0 D 42 809 1
1 D 42 979 1
2 L 0 49 1
3 L 0 326 1
2 D 38 49 1
3 D 38 326 1
4 L 0 370 1
5 L 0 672 1
6 L 0 730 1
4 D 671 370 1
5 D 671 672 1
6 D 671 730 1
7 L 0 308 1
8 L 0 504 1
9 L 0 534 1
10 L 0 593 1
11 L 0 656 1
12 L 0 690 1
13 L 0 710 1
14 L 0 829 1
7 D 447 308 1
8 D 447 504 1
9 D 447 534 1
10 D 447 593 1
11 D 447 656 1
12 D 447 690 1
13 D 447 710 1
14 D 447 829 1
15 L 0 208 1
16 L 0 270 1
17 L 0 288 1
18 L 0 534 1
19 L 0 552 1
0 L 0 601 1
15 D 294 208 1
16 D 294 270 1
17 D 294 288 1
18 D 294 534 1
19 D 294 552 1
0 D 294 601 1
1 L 0 429 1
2 L 0 551 1
3 L 0 620 1
4 L 0 947 1
1 D 432 429 1
2 D 432 551 1
3 D 432 620 1
4 D 432 947 1
5 L 0 17 1
6 L 0 125 1
7 L 0 186 1
8 L 0 772 1
5 D 279 17 1
6 D 279 125 1
7 D 279 186 1
8 D 279 772 1
9 L 0 5 1
10 L 0 467 1
9 D 441 5 1
10 D 441 467 1
11 L 0 66 1
12 L 0 249 1
13 L 0 719 1
14 L 0 795 1
15 L 0 960 1
11 D 292 66 1
12 D 292 249 1
13 D 292 719 1
14 D 292 795 1
15 D 292 960 1
16 L 0 186 1
17 L 0 261 1
18 L 0 388 1
19 L 0 501 1
0 L 0 973 1
16 D 601 186 1
17 D 601 261 1
18 D 601 388 1
19 D 601 501 1
0 D 601 973 1
1 L 0 261 1
2 L 0 328 1
3 L 0 474 1
1 D 579 261 1
2 D 579 328 1
3 D 579 474 1
4 L 0 154 1
5 L 0 207 1
6 L 0 219 1
4 D 222 154 1
5 D 222 207 1
6 D 222 219 1
7 L 0 321 1
8 L 0 644 1
9 L 0 653 1
10 L 0 701 1
11 L 0 823 1
7 D 164 321 1
8 D 164 644 1
9 D 164 653 1
10 D 164 701 1
11 D 164 823 1
12 L 0 35 1
13 L 0 840 1
14 L 0 918 1
12 D 121 35 1
13 D 121 840 1
14 D 121 918 1
15 L 0 384 1
16 L 0 735 1
15 D 680 384 1
16 D 680 735 1
17 L 0 0 1
18 L 0 50 1
19 L 0 99 1
0 L 0 213 1
1 L 0 514 1
2 L 0 745 1
3 L 0 991 1
17 D 393 0 1
18 D 393 50 1
19 D 393 99 1
0 D 393 213 1
1 D 393 514 1
2 D 393 745 1
3 D 393 991 1
4 L 0 236 1
5 L 0 283 1
6 L 0 612 1
7 L 0 616 1
8 L 0 652 1
9 L 0 802 1
10 L 0 923 1
4 D 593 236 1
5 D 593 283 1
6 D 593 612 1
7 D 593 616 1
8 D 593 652 1
9 D 593 802 1
10 D 593 923 1
11 L 0 884 1
12 L 0 994 1
11 D 137 884 1
12 D 137 994 1
13 L 0 680 1
14 L 0 750 1
15 L 0 796 1
13 D 379 680 1
14 D 379 750 1
15 D 379 796 1
16 L 0 43 1
17 L 0 569 1
18 L 0 777 1
19 L 0 789 1
16 D 199 43 1
17 D 199 569 1
18 D 199 777 1
19 D 199 789 1
0 L 0 372 1
1 L 0 431 1
2 L 0 489 1
3 L 0 593 1
0 D 374 372 1
1 D 374 431 1
2 D 374 489 1
3 D 374 593 1
4 L 0 76 1
5 L 0 370 1
4 D 466 76 1
5 D 466 370 1
6 L 0 772 1
7 L 0 887 1
6 D 387 772 1
7 D 387 887 1
8 L 0 89 1
9 L 0 90 1
10 L 0 348 1
11 L 0 382 1
12 L 0 647 1
13 L 0 690 1
8 D 561 89 1
9 D 561 90 1
10 D 561 348 1
11 D 561 382 1
12 D 561 647 1
13 D 561 690 1
14 L 0 149 1
15 L 0 217 1
16 L 0 241 1
17 L 0 370 1
18 L 0 518 1
19 L 0 636 1
0 L 0 673 1
1 L 0 710 1
2 L 0 772 1
3 L 0 872 1
14 D 534 149 1
15 D 534 217 1
16 D 534 241 1
17 D 534 370 1
18 D 534 518 1
19 D 534 636 1
0 D 534 673 1
1 D 534 710 1
2 D 534 772 1
3 D 534 872 1
4 L 0 388 1
5 L 0 449 1
6 L 0 872 1
4 D 544 388 1
5 D 544 449 1
6 D 544 872 1
7 L 0 257 1
8 L 0 764 1
9 L 0 787 1
10 L 0 793 1
7 D 603 257 1
8 D 603 764 1
9 D 603 787 1
10 D 603 793 1
11 L 0 397 1
12 L 0 517 1
13 L 0 583 1
14 L 0 979 1
11 D 346 397 1
12 D 346 517 1
13 D 346 583 1
14 D 346 979 1
15 L 0 47 1
16 L 0 615 1
17 L 0 644 1
18 L 0 823 1
15 D 519 47 1
16 D 519 615 1
17 D 519 644 1
18 D 519 823 1
19 L 0 307 1
0 L 0 525 1
19 D 289 307 1
0 D 289 525 1
1 L 0 161 1
2 L 0 391 1
3 L 0 808 1
4 L 0 862 1
1 D 234 161 1
2 D 234 391 1
3 D 234 808 1
4 D 234 862 1
5 L 0 162 1
6 L 0 327 1
7 L 0 362 1
8 L 0 691 1
9 L 0 787 1
10 L 0 819 1
11 L 0 883 1
12 L 0 911 1
5 D 89 162 1
6 D 89 327 1
7 D 89 362 1
8 D 89 691 1
9 D 89 787 1
10 D 89 819 1
11 D 89 883 1
12 D 89 911 1
13 L 0 242 1
14 L 0 277 1
15 L 0 535 1
16 L 0 586 1
17 L 0 604 1
18 L 0 658 1
19 L 0 681 1
0 L 0 688 1
1 L 0 904 1
13 D 400 242 1
14 D 400 277 1
15 D 400 535 1
16 D 400 586 1
17 D 400 604 1
18 D 400 658 1
19 D 400 681 1
0 D 400 688 1
1 D 400 904 1
2 L 0 75 1
3 L 0 252 1
4 L 0 460 1
5 L 0 601 1
6 L 0 649 1
7 L 0 719 1
8 L 0 867 1
2 D 700 75 1
3 D 700 252 1
4 D 700 460 1
5 D 700 601 1
6 D 700 649 1
7 D 700 719 1
8 D 700 867 1
9 L 0 819 1
10 L 0 883 1
9 D 190 819 1
10 D 190 883 1
11 L 0 116 1
12 L 0 427 1
13 L 0 452 1
14 L 0 463 1
11 D 288 116 1
12 D 288 427 1
13 D 288 452 1
14 D 288 463 1
15 L 0 35 1
16 L 0 127 1
17 L 0 563 1
18 L 0 646 1
19 L 0 699 1
0 L 0 747 1
1 L 0 785 1
2 L 0 911 1
15 D 526 35 1
16 D 526 127 1
17 D 526 563 1
18 D 526 646 1
19 D 526 699 1
0 D 526 747 1
1 D 526 785 1
2 D 526 911 1
3 L 0 713 1
4 L 0 716 1
5 L 0 886 1
6 L 0 960 1
3 D 94 713 1
4 D 94 716 1
5 D 94 886 1
6 D 94 960 1
7 L 0 80 1
8 L 0 214 1
9 L 0 334 1
10 L 0 557 1
11 L 0 622 1
12 L 0 732 1
13 L 0 809 1
7 D 767 80 1
8 D 767 214 1
9 D 767 334 1
10 D 767 557 1
11 D 767 622 1
12 D 767 732 1
13 D 767 809 1
14 L 0 277 1
15 L 0 476 1
16 L 0 642 1
17 L 0 806 1
14 D 306 277 1
15 D 306 476 1
16 D 306 642 1
17 D 306 806 1
18 L 0 41 1
19 L 0 53 1
0 L 0 258 1
1 L 0 290 1
2 L 0 455 1
3 L 0 563 1
4 L 0 989 1
18 D 308 41 1
19 D 308 53 1
0 D 308 258 1
1 D 308 290 1
2 D 308 455 1
3 D 308 563 1
4 D 308 989 1
5 L 0 52 1
6 L 0 105 1
7 L 0 276 1
8 L 0 522 1
5 D 61 52 1
6 D 61 105 1
7 D 61 276 1
8 D 61 522 1
9 L 0 349 1
10 L 0 816 1
11 L 0 822 1
12 L 0 946 1
9 D 515 349 1
10 D 515 816 1
11 D 515 822 1
12 D 515 946 1
13 L 0 149 1
14 L 0 459 1
15 L 0 601 1
13 D 712 149 1
14 D 712 459 1
15 D 712 601 1
16 L 0 123 1
17 L 0 488 1
18 L 0 940 1
16 D 639 123 1
17 D 639 488 1
18 D 639 940 1
19 L 0 356 1
0 L 0 730 1
19 D 656 356 1
0 D 656 730 1
1 L 0 50 1
2 L 0 467 1
3 L 0 473 1
1 D 581 50 1
2 D 581 467 1
3 D 581 473 1
4 L 0 121 1
5 L 0 283 1
6 L 0 295 1
7 L 0 443 1
8 L 0 618 1
4 D 641 121 1
5 D 641 283 1
6 D 641 295 1
7 D 641 443 1
8 D 641 618 1
9 L 0 16 1
10 L 0 185 1
11 L 0 825 1
12 L 0 926 1
9 D 633 16 1
10 D 633 185 1
11 D 633 825 1
12 D 633 926 1
13 L 0 46 1
14 L 0 132 1
15 L 0 296 1
16 L 0 477 1
17 L 0 618 1
18 L 0 641 1
19 L 0 854 1
13 D 115 46 1
14 D 115 132 1
15 D 115 296 1
16 D 115 477 1
17 D 115 618 1
18 D 115 641 1
19 D 115 854 1
0 L 0 30 1
1 L 0 51 1
2 L 0 104 1
3 L 0 139 1
4 L 0 338 1
5 L 0 384 2
6 L 0 427 1
7 L 0 484 1
8 L 0 536 1
9 L 0 600 1
10 L 0 609 1
11 L 0 648 1
12 L 0 736 1
13 L 0 741 1
0 D 36 30 1
1 D 36 51 1
2 D 36 104 1
3 D 36 139 1
4 D 36 338 1
5 D 36 384 2
6 D 36 427 1
7 D 36 484 1
8 D 36 536 1
9 D 36 600 1
10 D 36 609 1
11 D 36 648 1
12 D 36 736 1
13 D 36 741 1
14 L 0 289 1
15 L 0 782 1
16 L 0 966 1
14 D 251 289 1
15 D 251 782 1
16 D 251 966 1
17 L 0 31 1
18 L 0 86 1
19 L 0 89 1
0 L 0 196 1
1 L 0 216 1
2 L 0 406 1
3 L 0 641 1
4 L 0 795 1
17 D 321 31 1
18 D 321 86 1
19 D 321 89 1
0 D 321 196 1
1 D 321 216 1
2 D 321 406 1
3 D 321 641 1
4 D 321 795 1
5 L 0 169 1
6 L 0 181 1
7 L 0 275 1
8 L 0 358 1
9 L 0 383 1
10 L 0 416 1
11 L 0 623 1
12 L 0 759 1
13 L 0 918 1
14 L 0 929 1
15 L 0 948 1
5 D 157 169 1
6 D 157 181 1
7 D 157 275 1
8 D 157 358 1
9 D 157 383 1
10 D 157 416 1
11 D 157 623 1
12 D 157 759 1
13 D 157 918 1
14 D 157 929 1
15 D 157 948 1
16 L 0 28 1
17 L 0 220 1
18 L 0 296 1
19 L 0 310 1
0 L 0 375 1
1 L 0 419 1
2 L 0 857 1
3 L 0 933 1
16 D 717 28 1
17 D 717 220 1
18 D 717 296 1
19 D 717 310 1
0 D 717 375 1
1 D 717 419 1
2 D 717 857 1
3 D 717 933 1
4 L 0 184 1
5 L 0 195 1
6 L 0 301 1
7 L 0 406 1
8 L 0 793 1
9 L 0 845 1
10 L 0 874 1
11 L 0 994 1
4 D 471 184 1
5 D 471 195 1
6 D 471 301 1
7 D 471 406 1
8 D 471 793 1
9 D 471 845 1
10 D 471 874 1
11 D 471 994 1
12 L 0 87 1
13 L 0 178 1
14 L 0 775 1
15 L 0 799 1
16 L 0 803 1
12 D 640 87 1
13 D 640 178 1
14 D 640 775 1
15 D 640 799 1
16 D 640 803 1
17 L 0 177 1
18 L 0 541 1
19 L 0 808 1
17 D 562 177 1
18 D 562 541 1
19 D 562 808 1
0 L 0 400 1
1 L 0 448 1
2 L 0 827 1
0 D 746 400 1
1 D 746 448 1
2 D 746 827 1
3 L 0 441 1
4 L 0 773 1
5 L 0 857 1
3 D 46 441 1
4 D 46 773 1
5 D 46 857 1
6 L 0 67 1
7 L 0 407 1
8 L 0 534 1
9 L 0 790 1
10 L 0 961 1
6 D 258 67 1
7 D 258 407 1
8 D 258 534 1
9 D 258 790 1
10 D 258 961 1
11 L 0 10 1
12 L 0 353 1
13 L 0 412 1
14 L 0 451 1
15 L 0 866 1
16 L 0 890 1
17 L 0 905 1
18 L 0 911 1
11 D 302 10 1
12 D 302 353 1
13 D 302 412 1
14 D 302 451 1
15 D 302 866 1
16 D 302 890 1
17 D 302 905 1
18 D 302 911 1
19 L 0 73 1
0 L 0 223 1
1 L 0 399 1
2 L 0 926 1
19 D 721 73 1
0 D 721 223 1
1 D 721 399 1
2 D 721 926 1
3 L 0 500 1
4 L 0 534 1
5 L 0 967 1
3 D 571 500 1
4 D 571 534 1
5 D 571 967 1
6 L 0 110 1
7 L 0 293 1
8 L 0 610 1
9 L 0 940 1
6 D 474 110 1
7 D 474 293 1
8 D 474 610 1
9 D 474 940 1
10 L 0 36 1
11 L 0 501 1
10 D 192 36 1
11 D 192 501 1
12 L 0 210 1
13 L 0 223 1
14 L 0 477 1
15 L 0 801 1
12 D 796 210 1
13 D 796 223 1
14 D 796 477 1
15 D 796 801 1
16 L 0 52 1
17 L 0 85 1
18 L 0 142 1
19 L 0 303 1
0 L 0 373 1
1 L 0 458 1
2 L 0 607 1
3 L 0 851 1
16 D 6 52 1
17 D 6 85 1
18 D 6 142 1
19 D 6 303 1
0 D 6 373 1
1 D 6 458 1
2 D 6 607 1
3 D 6 851 1
4 L 0 16 1
5 L 0 525 1
6 L 0 639 1
7 L 0 705 1
4 D 176 16 1
5 D 176 525 1
6 D 176 639 1
7 D 176 705 1
8 L 0 129 2
9 L 0 185 1
10 L 0 480 1
11 L 0 600 1
12 L 0 673 1
13 L 0 691 1
14 L 0 794 1
8 D 766 129 2
9 D 766 185 1
10 D 766 480 1
11 D 766 600 1
12 D 766 673 1
13 D 766 691 1
14 D 766 794 1
15 L 0 97 1
16 L 0 175 1
17 L 0 388 1
18 L 0 426 1
19 L 0 613 1
15 D 41 97 1
16 D 41 175 1
17 D 41 388 1
18 D 41 426 1
19 D 41 613 1
0 L 0 26 1
1 L 0 219 1
2 L 0 230 1
3 L 0 283 1
4 L 0 801 1
0 D 271 26 1
1 D 271 219 1
2 D 271 230 1
3 D 271 283 1
4 D 271 801 1
5 L 0 20 1
6 L 0 62 1
7 L 0 107 1
8 L 0 420 1
9 L 0 643 1
10 L 0 922 1
5 D 594 20 1
6 D 594 62 1
7 D 594 107 1
8 D 594 420 1
9 D 594 643 1
10 D 594 922 1
11 L 0 121 1
12 L 0 216 1
13 L 0 448 1
14 L 0 548 1
15 L 0 848 1
11 D 86 121 1
12 D 86 216 1
13 D 86 448 1
14 D 86 548 1
15 D 86 848 1
16 L 0 63 1
17 L 0 64 1
18 L 0 85 1
19 L 0 453 1
0 L 0 624 1
16 D 174 63 1
17 D 174 64 1
18 D 174 85 1
19 D 174 453 1
0 D 174 624 1
1 L 0 426 1
2 L 0 504 1
3 L 0 545 1
4 L 0 600 1
5 L 0 772 1
6 L 0 786 1
7 L 0 914 1
1 D 138 426 1
2 D 138 504 1
3 D 138 545 1
4 D 138 600 1
5 D 138 772 1
6 D 138 786 1
7 D 138 914 1
8 L 0 167 1
9 L 0 344 1
10 L 0 926 1
8 D 155 167 1
9 D 155 344 1
10 D 155 926 1
11 L 0 193 1
12 L 0 284 1
13 L 0 521 1
11 D 495 193 1
12 D 495 284 1
13 D 495 521 1
14 L 0 52 1
15 L 0 334 1
14 D 168 52 1
15 D 168 334 1
16 L 0 349 1
17 L 0 736 1
18 L 0 825 1
19 L 0 862 1
16 D 4 349 1
17 D 4 736 1
18 D 4 825 1
19 D 4 862 1
0 L 0 18 1
1 L 0 257 1
2 L 0 382 1
3 L 0 516 1
0 D 540 18 1
1 D 540 257 1
2 D 540 382 1
3 D 540 516 1
4 L 0 268 1
5 L 0 376 1
6 L 0 419 1
4 D 439 268 1
5 D 439 376 1
6 D 439 419 1
7 L 0 87 1
8 L 0 237 1
9 L 0 486 1
10 L 0 628 1
7 D 699 87 1
8 D 699 237 1
9 D 699 486 1
10 D 699 628 1
11 L 0 154 1
12 L 0 348 1
13 L 0 911 1
11 D 351 154 1
12 D 351 348 1
13 D 351 911 1
14 L 0 80 1
15 L 0 111 1
16 L 0 184 1
17 L 0 332 1
18 L 0 375 1
19 L 0 464 1
0 L 0 530 1
1 L 0 852 1
2 L 0 946 1
14 D 402 80 1
15 D 402 111 1
16 D 402 184 1
17 D 402 332 1
18 D 402 375 1
19 D 402 464 1
0 D 402 530 1
1 D 402 852 1
2 D 402 946 1
3 L 0 614 1
4 L 0 967 1
5 L 0 996 1
3 D 74 614 1
4 D 74 967 1
5 D 74 996 1
6 L 0 440 1
7 L 0 444 1
8 L 0 554 1
9 L 0 600 1
10 L 0 896 1
6 D 477 440 1
7 D 477 444 1
8 D 477 554 1
9 D 477 600 1
10 D 477 896 1
11 L 0 247 1
12 L 0 433 1
13 L 0 983 1
11 D 184 247 1
12 D 184 433 1
13 D 184 983 1
14 L 0 525 1
15 L 0 616 1
16 L 0 856 1
14 D 491 525 1
15 D 491 616 1
16 D 491 856 1
17 L 0 157 1
18 L 0 312 1
19 L 0 384 1
0 L 0 882 1
17 D 530 157 1
18 D 530 312 1
19 D 530 384 1
0 D 530 882 1
1 L 0 286 1
2 L 0 688 1
3 L 0 807 1
4 L 0 833 1
1 D 322 286 1
2 D 322 688 1
3 D 322 807 1
4 D 322 833 1
5 L 0 150 1
6 L 0 192 1
7 L 0 205 1
8 L 0 707 1
9 L 0 749 1
10 L 0 779 1
5 D 102 150 1
6 D 102 192 1
7 D 102 205 1
8 D 102 707 1
9 D 102 749 1
10 D 102 779 1
11 L 0 62 1
12 L 0 308 1
13 L 0 358 1
11 D 427 62 1
12 D 427 308 1
13 D 427 358 1
14 L 0 50 1
15 L 0 133 1
16 L 0 508 1
17 L 0 535 1
18 L 0 582 1
19 L 0 597 1
0 L 0 606 1
1 L 0 706 1
2 L 0 801 1
14 D 543 50 1
15 D 543 133 1
16 D 543 508 1
17 D 543 535 1
18 D 543 582 1
19 D 543 597 1
0 D 543 606 1
1 D 543 706 1
2 D 543 801 1
3 L 0 38 1
4 L 0 121 1
5 L 0 634 1
6 L 0 785 1
7 L 0 805 1
3 D 0 38 1
4 D 0 121 1
5 D 0 634 1
6 D 0 785 1
7 D 0 805 1
8 L 0 86 1
9 L 0 130 1
10 L 0 183 1
11 L 0 215 1
12 L 0 305 1
13 L 0 388 1
14 L 0 445 1
15 L 0 512 1
16 L 0 684 1
17 L 0 772 1
18 L 0 795 1
19 L 0 824 1
0 L 0 962 1
8 D 40 86 1
9 D 40 130 1
10 D 40 183 1
11 D 40 215 1
12 D 40 305 1
13 D 40 388 1
14 D 40 445 1
15 D 40 512 1
16 D 40 684 1
17 D 40 772 1
18 D 40 795 1
19 D 40 824 1
0 D 40 962 1
1 L 0 52 1
2 L 0 688 1
3 L 0 899 1
4 L 0 961 1
5 L 0 971 1
1 D 24 52 1
2 D 24 688 1
3 D 24 899 1
4 D 24 961 1
5 D 24 971 1
6 L 0 278 1
7 L 0 326 1
8 L 0 682 1
6 D 366 278 1
7 D 366 326 1
8 D 366 682 1
9 L 0 22 1
10 L 0 392 1
11 L 0 583 1
12 L 0 991 1
9 D 170 22 1
10 D 170 392 1
11 D 170 583 1
12 D 170 991 1
13 L 0 235 1
14 L 0 257 1
15 L 0 437 1
16 L 0 492 1
17 L 0 525 1
18 L 0 833 1
13 D 421 235 1
14 D 421 257 1
15 D 421 437 1
16 D 421 492 1
17 D 421 525 1
18 D 421 833 1
19 L 0 384 1
0 L 0 467 1
1 L 0 553 1
2 L 0 807 1
3 L 0 916 1
19 D 414 384 1
0 D 414 467 1
1 D 414 553 1
2 D 414 807 1
3 D 414 916 1
4 L 0 73 1
5 L 0 388 1
6 L 0 422 1
7 L 0 618 1
8 L 0 628 1
9 L 0 637 1
10 L 0 691 1
11 L 0 741 1
12 L 0 844 1
4 D 577 73 1
5 D 577 388 1
6 D 577 422 1
7 D 577 618 1
8 D 577 628 1
9 D 577 637 1
10 D 577 691 1
11 D 577 741 1
12 D 577 844 1
13 L 0 58 1
14 L 0 68 1
15 L 0 359 1
13 D 136 58 1
14 D 136 68 1
15 D 136 359 1
16 L 0 370 1
17 L 0 372 1
18 L 0 855 1
19 L 0 918 1
0 L 0 975 1
16 D 451 370 1
17 D 451 372 1
18 D 451 855 1
19 D 451 918 1
0 D 451 975 1
1 L 0 45 1
2 L 0 48 1
3 L 0 262 1
4 L 0 319 1
5 L 0 486 1
6 L 0 684 1
7 L 0 758 1
8 L 0 935 1
9 L 0 967 1
10 L 0 995 1
1 D 37 45 1
2 D 37 48 1
3 D 37 262 1
4 D 37 319 1
5 D 37 486 1
6 D 37 684 1
7 D 37 758 1
8 D 37 935 1
9 D 37 967 1
10 D 37 995 1
11 L 0 187 1
12 L 0 478 1
13 L 0 495 1
14 L 0 829 1
15 L 0 898 1
11 D 113 187 1
12 D 113 478 1
13 D 113 495 1
14 D 113 829 1
15 D 113 898 1
16 L 0 136 1
17 L 0 474 1
18 L 0 876 1
19 L 0 887 1
0 L 0 997 1
16 D 488 136 1
17 D 488 474 1
18 D 488 876 1
19 D 488 887 1
0 D 488 997 1
1 L 0 168 1
2 L 0 918 1
3 L 0 974 1
1 D 636 168 1
2 D 636 918 1
3 D 636 974 1
4 L 0 397 1
5 L 0 540 1
6 L 0 560 1
7 L 0 595 1
8 L 0 658 1
9 L 0 781 1
10 L 0 904 1
4 D 780 397 1
5 D 780 540 1
6 D 780 560 1
7 D 780 595 1
8 D 780 658 1
9 D 780 781 1
10 D 780 904 1
11 L 0 185 1
12 L 0 189 1
13 L 0 277 1
14 L 0 455 1
15 L 0 520 1
16 L 0 691 1
17 L 0 808 1
18 L 0 823 1
19 L 0 891 1
11 D 49 185 1
12 D 49 189 1
13 D 49 277 1
14 D 49 455 1
15 D 49 520 1
16 D 49 691 1
17 D 49 808 1
18 D 49 823 1
19 D 49 891 1
0 L 0 675 1
1 L 0 824 1
2 L 0 964 1
0 D 490 675 1
1 D 490 824 1
2 D 490 964 1
3 L 0 222 1
4 L 0 233 1
5 L 0 685 1
6 L 0 900 1
3 D 359 222 1
4 D 359 233 1
5 D 359 685 1
6 D 359 900 1
7 L 0 104 1
8 L 0 161 1
9 L 0 315 1
7 D 264 104 1
8 D 264 161 1
9 D 264 315 1
10 L 0 136 1
11 L 0 163 1
12 L 0 219 1
13 L 0 224 1
14 L 0 365 1
15 L 0 386 1
16 L 0 391 1
17 L 0 533 1
18 L 0 580 1
19 L 0 581 1
0 L 0 604 1
1 L 0 720 1
2 L 0 927 1
10 D 778 136 1
11 D 778 163 1
12 D 778 219 1
13 D 778 224 1
14 D 778 365 1
15 D 778 386 1
16 D 778 391 1
17 D 778 533 1
18 D 778 580 1
19 D 778 581 1
0 D 778 604 1
1 D 778 720 1
2 D 778 927 1
3 L 0 1 1
4 L 0 87 1
5 L 0 360 1
6 L 0 659 1
7 L 0 897 1
3 D 309 1 1
4 D 309 87 1
5 D 309 360 1
6 D 309 659 1
7 D 309 897 1
8 L 0 305 1
9 L 0 422 1
10 L 0 490 1
11 L 0 553 1
12 L 0 562 1
13 L 0 719 1
14 L 0 854 1
15 L 0 862 1
16 L 0 927 1
8 D 33 305 1
9 D 33 422 1
10 D 33 490 1
11 D 33 553 1
12 D 33 562 1
13 D 33 719 1
14 D 33 854 1
15 D 33 862 1
16 D 33 927 1
17 L 0 49 1
18 L 0 437 1
17 D 479 49 1
18 D 479 437 1
19 L 0 214 1
0 L 0 404 1
1 L 0 486 1
2 L 0 488 1
3 L 0 501 1
4 L 0 615 1
5 L 0 890 1
19 D 740 214 1
0 D 740 404 1
1 D 740 486 1
2 D 740 488 1
3 D 740 501 1
4 D 740 615 1
5 D 740 890 1
6 L 0 306 1
7 L 0 473 1
8 L 0 991 1
6 D 528 306 1
7 D 528 473 1
8 D 528 991 1
9 L 0 289 1
10 L 0 350 2
11 L 0 541 1
12 L 0 937 1
9 D 331 289 1
10 D 331 350 2
11 D 331 541 1
12 D 331 937 1
13 L 0 153 1
14 L 0 591 1
15 L 0 795 1
16 L 0 835 1
13 D 96 153 1
14 D 96 591 1
15 D 96 795 1
16 D 96 835 1
17 L 0 34 1
18 L 0 381 1
19 L 0 532 1
0 L 0 931 1
1 L 0 953 1
17 D 489 34 1
18 D 489 381 1
19 D 489 532 1
0 D 489 931 1
1 D 489 953 1
2 L 0 44 1
3 L 0 145 1
4 L 0 312 1
5 L 0 455 1
6 L 0 515 1
7 L 0 558 1
8 L 0 887 1
9 L 0 925 1
10 L 0 994 1
2 D 464 44 1
3 D 464 145 1
4 D 464 312 1
5 D 464 455 1
6 D 464 515 1
7 D 464 558 1
8 D 464 887 1
9 D 464 925 1
10 D 464 994 1
11 L 0 18 1
12 L 0 112 1
13 L 0 114 1
14 L 0 157 1
15 L 0 257 1
16 L 0 278 1
17 L 0 431 1
18 L 0 465 1
19 L 0 517 1
0 L 0 522 1
1 L 0 595 1
2 L 0 738 1
3 L 0 779 1
4 L 0 883 1
11 D 513 18 1
12 D 513 112 1
13 D 513 114 1
14 D 513 157 1
15 D 513 257 1
16 D 513 278 1
17 D 513 431 1
18 D 513 465 1
19 D 513 517 1
0 D 513 522 1
1 D 513 595 1
2 D 513 738 1
3 D 513 779 1
4 D 513 883 1
5 L 0 60 1
6 L 0 86 1
7 L 0 164 1
8 L 0 421 1
9 L 0 893 1
5 D 683 60 1
6 D 683 86 1
7 D 683 164 1
8 D 683 421 1
9 D 683 893 1
10 L 0 97 1
11 L 0 104 1
12 L 0 261 1
13 L 0 270 1
14 L 0 355 1
15 L 0 620 1
16 L 0 758 1
10 D 375 97 1
11 D 375 104 1
12 D 375 261 1
13 D 375 270 1
14 D 375 355 1
15 D 375 620 1
16 D 375 758 1
17 L 0 513 1
18 L 0 795 1
19 L 0 845 1
0 L 0 950 1
17 D 392 513 1
18 D 392 795 1
19 D 392 845 1
0 D 392 950 1
1 L 0 92 1
2 L 0 397 1
3 L 0 445 1
4 L 0 799 1
1 D 133 92 1
2 D 133 397 1
3 D 133 445 1
4 D 133 799 1
5 L 0 221 1
6 L 0 413 1
7 L 0 427 1
8 L 0 543 1
5 D 210 221 1
6 D 210 413 1
7 D 210 427 1
8 D 210 543 1
9 L 0 52 1
10 L 0 199 1
11 L 0 275 1
12 L 0 450 1
13 L 0 484 1
14 L 0 508 1
15 L 0 662 1
16 L 0 730 1
17 L 0 780 1
18 L 0 861 1
9 D 790 52 1
10 D 790 199 1
11 D 790 275 1
12 D 790 450 1
13 D 790 484 1
14 D 790 508 1
15 D 790 662 1
16 D 790 730 1
17 D 790 780 1
18 D 790 861 1
19 L 0 46 1
0 L 0 136 1
1 L 0 147 1
2 L 0 783 1
3 L 0 981 1
19 D 524 46 1
0 D 524 136 1
1 D 524 147 1
2 D 524 783 1
3 D 524 981 1
4 L 0 182 1
5 L 0 359 1
6 L 0 461 1
7 L 0 871 1
8 L 0 889 1
4 D 253 182 1
5 D 253 359 1
6 D 253 461 1
7 D 253 871 1
8 D 253 889 1
9 L 0 70 1
10 L 0 230 1
11 L 0 389 1
12 L 0 611 1
13 L 0 671 1
9 D 665 70 1
10 D 665 230 1
11 D 665 389 1
12 D 665 611 1
13 D 665 671 1
14 L 0 220 1
15 L 0 405 1
16 L 0 664 1
17 L 0 854 1
18 L 0 871 1
14 D 239 220 1
15 D 239 405 1
16 D 239 664 1
17 D 239 854 1
18 D 239 871 1
19 L 0 35 1
0 L 0 110 1
1 L 0 167 1
2 L 0 194 1
3 L 0 216 1
4 L 0 281 1
5 L 0 553 1
6 L 0 673 1
19 D 327 35 1
0 D 327 110 1
1 D 327 167 1
2 D 327 194 1
3 D 327 216 1
4 D 327 281 1
5 D 327 553 1
6 D 327 673 1
7 L 0 26 1
8 L 0 110 1
9 L 0 231 1
10 L 0 242 1
11 L 0 411 1
12 L 0 463 1
13 L 0 549 1
14 L 0 847 1
7 D 711 26 1
8 D 711 110 1
9 D 711 231 1
10 D 711 242 1
11 D 711 411 1
12 D 711 463 1
13 D 711 549 1
14 D 711 847 1
15 L 0 52 1
16 L 0 335 1
17 L 0 431 1
15 D 205 52 1
16 D 205 335 1
17 D 205 431 1
18 L 0 431 1
19 L 0 502 1
0 L 0 532 1
18 D 12 431 1
19 D 12 502 1
0 D 12 532 1
1 L 0 401 1
2 L 0 658 1
3 L 0 876 1
4 L 0 877 1
5 L 0 936 1
6 L 0 989 1
1 D 68 401 1
2 D 68 658 1
3 D 68 876 1
4 D 68 877 1
5 D 68 936 1
6 D 68 989 1
7 L 0 108 1
8 L 0 158 1
9 L 0 283 1
10 L 0 446 1
11 L 0 452 1
12 L 0 547 1
13 L 0 721 1
14 L 0 727 1
15 L 0 731 1
16 L 0 794 1
17 L 0 834 1
18 L 0 888 1
7 D 698 108 1
8 D 698 158 1
9 D 698 283 1
10 D 698 446 1
11 D 698 452 1
12 D 698 547 1
13 D 698 721 1
14 D 698 727 1
15 D 698 731 1
16 D 698 794 1
17 D 698 834 1
18 D 698 888 1
19 L 0 28 1
0 L 0 225 1
1 L 0 388 1
2 L 0 481 1
3 L 0 729 1
4 L 0 862 1
19 D 434 28 1
0 D 434 225 1
1 D 434 388 1
2 D 434 481 1
3 D 434 729 1
4 D 434 862 1
5 L 0 277 1
6 L 0 362 1
7 L 0 367 1
8 L 0 372 1
9 L 0 780 1
5 D 85 277 1
6 D 85 362 1
7 D 85 367 1
8 D 85 372 1
9 D 85 780 1
10 L 0 131 1
11 L 0 218 1
12 L 0 278 1
13 L 0 402 1
14 L 0 423 1
15 L 0 753 1
16 L 0 762 1
17 L 0 794 1
18 L 0 871 1
10 D 676 131 1
11 D 676 218 1
12 D 676 278 1
13 D 676 402 1
14 D 676 423 1
15 D 676 753 1
16 D 676 762 1
17 D 676 794 1
18 D 676 871 1
19 L 0 68 1
0 L 0 130 1
1 L 0 163 1
2 L 0 270 1
3 L 0 440 1
4 L 0 650 1
5 L 0 671 1
6 L 0 794 1
19 D 123 68 1
0 D 123 130 1
1 D 123 163 1
2 D 123 270 1
3 D 123 440 1
4 D 123 650 1
5 D 123 671 1
6 D 123 794 1
7 L 0 168 1
8 L 0 302 1
9 L 0 558 1
10 L 0 693 1
11 L 0 713 1
12 L 0 879 1
7 D 482 168 1
8 D 482 302 1
9 D 482 558 1
10 D 482 693 1
11 D 482 713 1
12 D 482 879 1
13 L 0 7 1
14 L 0 111 1
15 L 0 133 1
16 L 0 216 1
17 L 0 296 1
18 L 0 460 1
19 L 0 719 1
0 L 0 814 1
1 L 0 823 1
2 L 0 908 1
3 L 0 920 1
13 D 728 7 1
14 D 728 111 1
15 D 728 133 1
16 D 728 216 1
17 D 728 296 1
18 D 728 460 1
19 D 728 719 1
0 D 728 814 1
1 D 728 823 1
2 D 728 908 1
3 D 728 920 1
4 L 0 121 1
5 L 0 492 1
6 L 0 598 1
7 L 0 691 1
4 D 795 121 1
5 D 795 492 1
6 D 795 598 1
7 D 795 691 1
8 L 0 16 1
9 L 0 614 1
10 L 0 654 1
8 D 597 16 1
9 D 597 614 1
10 D 597 654 1
11 L 0 350 1
12 L 0 504 1
13 L 0 590 1
14 L 0 726 1
11 D 448 350 1
12 D 448 504 1
13 D 448 590 1
14 D 448 726 1
15 L 0 8 1
16 L 0 476 1
17 L 0 597 1
18 L 0 688 1
19 L 0 876 1
0 L 0 981 1
15 D 5 8 1
16 D 5 476 1
17 D 5 597 1
18 D 5 688 1
19 D 5 876 1
0 D 5 981 1
1 L 0 252 1
2 L 0 398 1
3 L 0 777 1
4 L 0 861 1
5 L 0 883 1
6 L 0 904 1
1 D 720 252 1
2 D 720 398 1
3 D 720 777 1
4 D 720 861 1
5 D 720 883 1
6 D 720 904 1
7 L 0 238 1
8 L 0 262 1
9 L 0 328 1
10 L 0 513 1
7 D 59 238 1
8 D 59 262 1
9 D 59 328 1
10 D 59 513 1
11 L 0 96 1
12 L 0 184 1
13 L 0 186 1
14 L 0 298 1
15 L 0 371 1
11 D 557 96 1
12 D 557 184 1
13 D 557 186 1
14 D 557 298 1
15 D 557 371 1
16 L 0 119 1
17 L 0 276 1
18 L 0 346 1
19 L 0 365 1
0 L 0 396 1
1 L 0 590 1
2 L 0 699 1
3 L 0 794 1
4 L 0 836 1
16 D 438 119 1
17 D 438 276 1
18 D 438 346 1
19 D 438 365 1
0 D 438 396 1
1 D 438 590 1
2 D 438 699 1
3 D 438 794 1
4 D 438 836 1
5 L 0 35 1
6 L 0 50 1
7 L 0 113 1
8 L 0 178 1
9 L 0 365 1
10 L 0 411 1
11 L 0 424 1
12 L 0 430 1
13 L 0 522 1
14 L 0 563 1
15 L 0 584 1
16 L 0 608 1
17 L 0 615 1
18 L 0 702 1
19 L 0 946 1
5 D 160 35 1
6 D 160 50 1
7 D 160 113 1
8 D 160 178 1
9 D 160 365 1
10 D 160 411 1
11 D 160 424 1
12 D 160 430 1
13 D 160 522 1
14 D 160 563 1
15 D 160 584 1
16 D 160 608 1
17 D 160 615 1
18 D 160 702 1
19 D 160 946 1
0 L 0 96 1
1 L 0 124 1
2 L 0 235 1
3 L 0 422 1
4 L 0 597 1
0 D 426 96 1
1 D 426 124 1
2 D 426 235 1
3 D 426 422 1
4 D 426 597 1
5 L 0 104 1
6 L 0 587 1
7 L 0 619 1
8 L 0 743 1
9 L 0 769 1
10 L 0 905 1
5 D 564 104 1
6 D 564 587 1
7 D 564 619 1
8 D 564 743 1
9 D 564 769 1
10 D 564 905 1
11 L 0 18 1
12 L 0 34 1
13 L 0 164 1
14 L 0 189 1
15 L 0 265 1
16 L 0 488 1
17 L 0 521 1
18 L 0 727 1
19 L 0 739 1
0 L 0 787 1
1 L 0 862 1
2 L 0 951 1
11 D 757 18 1
12 D 757 34 1
13 D 757 164 1
14 D 757 189 1
15 D 757 265 1
16 D 757 488 1
17 D 757 521 1
18 D 757 727 1
19 D 757 739 1
0 D 757 787 1
1 D 757 862 1
2 D 757 951 1
3 L 0 560 1
4 L 0 607 1
5 L 0 700 1
6 L 0 764 1
3 D 383 560 1
4 D 383 607 1
5 D 383 700 1
6 D 383 764 1
7 L 0 30 1
8 L 0 66 1
9 L 0 105 1
10 L 0 372 2
11 L 0 414 1
12 L 0 688 1
13 L 0 690 1
14 L 0 846 1
15 L 0 965 1
16 L 0 970 1
17 L 0 976 1
18 L 0 977 1
7 D 670 30 1
8 D 670 66 1
9 D 670 105 1
10 D 670 372 2
11 D 670 414 1
12 D 670 688 1
13 D 670 690 1
14 D 670 846 1
15 D 670 965 1
16 D 670 970 1
17 D 670 976 1
18 D 670 977 1
19 L 0 66 1
0 L 0 220 1
1 L 0 270 1
2 L 0 315 1
3 L 0 693 1
19 D 47 66 1
0 D 47 220 1
1 D 47 270 1
2 D 47 315 1
3 D 47 693 1
4 L 0 237 1
5 L 0 314 1
6 L 0 693 1
7 L 0 774 1
8 L 0 836 1
4 D 32 237 1
5 D 32 314 1
6 D 32 693 1
7 D 32 774 1
8 D 32 836 1
9 L 0 296 1
10 L 0 637 1
11 L 0 898 1
9 D 330 296 1
10 D 330 637 1
11 D 330 898 1
12 L 0 100 1
13 L 0 168 1
14 L 0 283 1
15 L 0 465 1
16 L 0 489 1
17 L 0 597 1
18 L 0 626 1
19 L 0 643 1
0 L 0 678 1
1 L 0 823 1
2 L 0 939 1
3 L 0 964 1
12 D 457 100 1
13 D 457 168 1
14 D 457 283 1
15 D 457 465 1
16 D 457 489 1
17 D 457 597 1
18 D 457 626 1
19 D 457 643 1
0 D 457 678 1
1 D 457 823 1
2 D 457 939 1
3 D 457 964 1
4 L 0 221 1
5 L 0 242 1
6 L 0 338 1
7 L 0 435 1
8 L 0 669 1
9 L 0 946 1
4 D 440 221 1
5 D 440 242 1
6 D 440 338 1
7 D 440 435 1
8 D 440 669 1
9 D 440 946 1
10 L 0 243 1
11 L 0 282 1
12 L 0 406 1
13 L 0 780 1
14 L 0 852 1
15 L 0 877 1
16 L 0 919 1
17 L 0 946 1
10 D 541 243 1
11 D 541 282 1
12 D 541 406 1
13 D 541 780 1
14 D 541 852 1
15 D 541 877 1
16 D 541 919 1
17 D 541 946 1
18 L 0 182 1
19 L 0 560 1
0 L 0 607 1
1 L 0 977 1
18 D 341 182 1
19 D 341 560 1
0 D 341 607 1
1 D 341 977 1
2 L 0 168 1
3 L 0 175 1
4 L 0 181 1
5 L 0 203 1
6 L 0 323 1
7 L 0 376 1
8 L 0 588 1
9 L 0 679 1
2 D 787 168 1
3 D 787 175 1
4 D 787 181 1
5 D 787 203 1
6 D 787 323 1
7 D 787 376 1
8 D 787 588 1
9 D 787 679 1
10 L 0 401 1
11 L 0 491 1
12 L 0 858 1
13 L 0 987 1
10 D 8 401 1
11 D 8 491 1
12 D 8 858 1
13 D 8 987 1
14 L 0 86 1
15 L 0 607 1
16 L 0 808 1
17 L 0 937 1
18 L 0 973 1
14 D 106 86 1
15 D 106 607 1
16 D 106 808 1
17 D 106 937 1
18 D 106 973 1
19 L 0 114 1
0 L 0 142 1
1 L 0 161 1
2 L 0 219 1
3 L 0 346 1
4 L 0 538 1
5 L 0 684 1
6 L 0 707 1
7 L 0 861 1
8 L 0 884 1
9 L 0 896 1
19 D 284 114 1
0 D 284 142 1
1 D 284 161 1
2 D 284 219 1
3 D 284 346 1
4 D 284 538 1
5 D 284 684 1
6 D 284 707 1
7 D 284 861 1
8 D 284 884 1
9 D 284 896 1
10 L 0 132 1
11 L 0 167 1
12 L 0 261 1
13 L 0 631 1
14 L 0 738 1
10 D 704 132 1
11 D 704 167 1
12 D 704 261 1
13 D 704 631 1
14 D 704 738 1
15 L 0 364 1
16 L 0 458 1
17 L 0 621 1
18 L 0 654 1
19 L 0 840 1
0 L 0 934 1
15 D 282 364 1
16 D 282 458 1
17 D 282 621 1
18 D 282 654 1
19 D 282 840 1
0 D 282 934 1
1 L 0 53 1
2 L 0 122 1
3 L 0 161 1
4 L 0 201 1
5 L 0 560 1
6 L 0 624 1
7 L 0 936 1
1 D 408 53 1
2 D 408 122 1
3 D 408 161 1
4 D 408 201 1
5 D 408 560 1
6 D 408 624 1
7 D 408 936 1
8 L 0 93 1
9 L 0 350 1
10 L 0 659 1
11 L 0 964 1
8 D 64 93 1
9 D 64 350 1
10 D 64 659 1
11 D 64 964 1
12 L 0 26 1
13 L 0 296 1
14 L 0 355 1
15 L 0 476 1
16 L 0 590 1
17 L 0 790 2
12 D 461 26 1
13 D 461 296 1
14 D 461 355 1
15 D 461 476 1
16 D 461 590 1
17 D 461 790 2
18 L 0 30 1
19 L 0 173 1
0 L 0 241 1
1 L 0 375 1
2 L 0 835 1
3 L 0 937 1
18 D 281 30 1
19 D 281 173 1
0 D 281 241 1
1 D 281 375 1
2 D 281 835 1
3 D 281 937 1
4 L 0 100 1
5 L 0 435 1
6 L 0 600 1
7 L 0 727 1
8 L 0 931 1
9 L 0 961 1
4 D 730 100 1
5 D 730 435 1
6 D 730 600 1
7 D 730 727 1
8 D 730 931 1
9 D 730 961 1
10 L 0 73 1
11 L 0 688 1
12 L 0 845 1
10 D 638 73 1
11 D 638 688 1
12 D 638 845 1
13 L 0 63 1
14 L 0 67 1
15 L 0 149 1
16 L 0 277 1
17 L 0 375 1
18 L 0 645 1
19 L 0 689 1
0 L 0 764 1
1 L 0 929 1
2 L 0 954 1
13 D 152 63 1
14 D 152 67 1
15 D 152 149 1
16 D 152 277 1
17 D 152 375 1
18 D 152 645 1
19 D 152 689 1
0 D 152 764 1
1 D 152 929 1
2 D 152 954 1
3 L 0 51 1
4 L 0 452 1
5 L 0 622 1
6 L 0 995 1
3 D 197 51 1
4 D 197 452 1
5 D 197 622 1
6 D 197 995 1
7 L 0 13 1
8 L 0 50 1
9 L 0 153 1
10 L 0 267 1
11 L 0 431 1
12 L 0 475 1
13 L 0 498 1
7 D 390 13 1
8 D 390 50 1
9 D 390 153 1
10 D 390 267 1
11 D 390 431 1
12 D 390 475 1
13 D 390 498 1
14 L 0 447 1
15 L 0 480 1
16 L 0 588 1
17 L 0 697 1
18 L 0 855 1
19 L 0 964 1
14 D 376 447 1
15 D 376 480 1
16 D 376 588 1
17 D 376 697 1
18 D 376 855 1
19 D 376 964 1
0 L 0 81 1
1 L 0 132 1
2 L 0 296 1
3 L 0 382 1
4 L 0 396 1
5 L 0 549 1
6 L 0 555 1
7 L 0 854 1
8 L 0 857 1
9 L 0 859 1
10 L 0 882 1
0 D 382 81 1
1 D 382 132 1
2 D 382 296 1
3 D 382 382 1
4 D 382 396 1
5 D 382 549 1
6 D 382 555 1
7 D 382 854 1
8 D 382 857 1
9 D 382 859 1
10 D 382 882 1
11 L 0 650 1
12 L 0 693 1
13 L 0 767 1
14 L 0 822 1
11 D 107 650 1
12 D 107 693 1
13 D 107 767 1
14 D 107 822 1
15 L 0 83 1
16 L 0 163 1
17 L 0 304 1
18 L 0 364 1
19 L 0 427 1
0 L 0 575 1
1 L 0 964 1
15 D 556 83 1
16 D 556 163 1
17 D 556 304 1
18 D 556 364 1
19 D 556 427 1
0 D 556 575 1
1 D 556 964 1
2 L 0 299 1
3 L 0 575 1
4 L 0 593 1
5 L 0 697 1
6 L 0 722 1
2 D 318 299 1
3 D 318 575 1
4 D 318 593 1
5 D 318 697 1
6 D 318 722 1
7 L 0 121 1
8 L 0 370 1
9 L 0 475 1
10 L 0 607 1
7 D 772 121 1
8 D 772 370 1
9 D 772 475 1
10 D 772 607 1
11 L 0 15 1
12 L 0 17 1
13 L 0 351 1
14 L 0 499 1
15 L 0 547 1
16 L 0 668 1
17 L 0 715 1
18 L 0 854 1
19 L 0 875 1
0 L 0 876 1
1 L 0 959 1
11 D 412 15 1
12 D 412 17 1
13 D 412 351 1
14 D 412 499 1
15 D 412 547 1
16 D 412 668 1
17 D 412 715 1
18 D 412 854 1
19 D 412 875 1
0 D 412 876 1
1 D 412 959 1
2 L 0 160 1
3 L 0 192 1
4 L 0 239 1
5 L 0 517 1
6 L 0 694 1
2 D 87 160 1
3 D 87 192 1
4 D 87 239 1
5 D 87 517 1
6 D 87 694 1
7 L 0 92 1
8 L 0 123 1
9 L 0 242 1
10 L 0 290 1
11 L 0 297 1
12 L 0 367 1
13 L 0 372 1
14 L 0 376 1
15 L 0 411 1
16 L 0 500 1
17 L 0 605 1
18 L 0 777 1
19 L 0 858 1
0 L 0 929 1
7 D 506 92 1
8 D 506 123 1
9 D 506 242 1
10 D 506 290 1
11 D 506 297 1
12 D 506 367 1
13 D 506 372 1
14 D 506 376 1
15 D 506 411 1
16 D 506 500 1
17 D 506 605 1
18 D 506 777 1
19 D 506 858 1
0 D 506 929 1
1 L 0 179 1
2 L 0 195 1
3 L 0 252 1
4 L 0 767 1
1 D 493 179 1
2 D 493 195 1
3 D 493 252 1
4 D 493 767 1
5 L 0 104 1
6 L 0 199 1
7 L 0 406 1
8 L 0 598 1
9 L 0 616 1
5 D 27 104 1
6 D 27 199 1
7 D 27 406 1
8 D 27 598 1
9 D 27 616 1
10 L 0 197 1
11 L 0 484 1
12 L 0 593 1
13 L 0 624 1
14 L 0 741 1
15 L 0 808 1
10 D 388 197 1
11 D 388 484 1
12 D 388 593 1
13 D 388 624 1
14 D 388 741 1
15 D 388 808 1
16 L 0 559 1
17 L 0 710 1
18 L 0 763 1
19 L 0 994 1
16 D 242 559 1
17 D 242 710 1
18 D 242 763 1
19 D 242 994 1
0 L 0 224 1
1 L 0 285 1
2 L 0 391 1
3 L 0 496 1
0 D 201 224 1
1 D 201 285 1
2 D 201 391 1
3 D 201 496 1
4 L 0 85 1
5 L 0 107 1
6 L 0 267 1
7 L 0 509 1
8 L 0 840 1
4 D 63 85 1
5 D 63 107 1
6 D 63 267 1
7 D 63 509 1
8 D 63 840 1
9 L 0 2 1
10 L 0 182 1
11 L 0 215 1
9 D 255 2 1
10 D 255 182 1
11 D 255 215 1
12 L 0 188 1
13 L 0 388 1
14 L 0 739 1
15 L 0 772 1
12 D 624 188 1
13 D 624 388 1
14 D 624 739 1
15 D 624 772 1
16 L 0 475 1
17 L 0 477 1
18 L 0 623 1
19 L 0 853 1
16 D 232 475 1
17 D 232 477 1
18 D 232 623 1
19 D 232 853 1
0 L 0 71 1
1 L 0 78 1
2 L 0 239 1
3 L 0 478 1
0 D 716 71 1
1 D 716 78 1
2 D 716 239 1
3 D 716 478 1
4 L 0 193 1
5 L 0 435 1
6 L 0 654 1
7 L 0 870 1
8 L 0 967 1
4 D 263 193 1
5 D 263 435 1
6 D 263 654 1
7 D 263 870 1
8 D 263 967 1
9 L 0 104 1
10 L 0 335 1
11 L 0 362 1
12 L 0 431 1
13 L 0 653 1
14 L 0 786 1
15 L 0 955 1
9 D 500 104 1
10 D 500 335 1
11 D 500 362 1
12 D 500 431 1
13 D 500 653 1
14 D 500 786 1
15 D 500 955 1
16 L 0 48 1
17 L 0 78 1
18 L 0 86 1
19 L 0 201 1
0 L 0 701 1
1 L 0 825 1
16 D 642 48 1
17 D 642 78 1
18 D 642 86 1
19 D 642 201 1
0 D 642 701 1
1 D 642 825 1
2 L 0 55 1
3 L 0 764 1
4 L 0 765 1
5 L 0 772 1
2 D 496 55 1
3 D 496 764 1
4 D 496 765 1
5 D 496 772 1
6 L 0 1 1
7 L 0 58 1
8 L 0 256 1
9 L 0 341 1
6 D 446 1 1
7 D 446 58 1
8 D 446 256 1
9 D 446 341 1
10 L 0 218 1
11 L 0 235 1
12 L 0 780 1
10 D 791 218 1
11 D 791 235 1
12 D 791 780 1
13 L 0 41 1
14 L 0 153 1
15 L 0 159 1
16 L 0 230 1
17 L 0 297 1
18 L 0 446 1
19 L 0 626 1
0 L 0 850 1
1 L 0 883 1
2 L 0 892 1
13 D 750 41 1
14 D 750 153 1
15 D 750 159 1
16 D 750 230 1
17 D 750 297 1
18 D 750 446 1
19 D 750 626 1
0 D 750 850 1
1 D 750 883 1
2 D 750 892 1
3 L 0 217 1
4 L 0 409 1
5 L 0 613 1
6 L 0 697 1
7 L 0 935 1
3 D 355 217 1
4 D 355 409 1
5 D 355 613 1
6 D 355 697 1
7 D 355 935 1
8 L 0 37 1
9 L 0 136 1
10 L 0 244 1
11 L 0 286 1
12 L 0 417 1
13 L 0 557 1
14 L 0 589 1
15 L 0 622 1
16 L 0 749 1
17 L 0 757 1
18 L 0 848 1
19 L 0 919 1
8 D 630 37 1
9 D 630 136 1
10 D 630 244 1
11 D 630 286 1
12 D 630 417 1
13 D 630 557 1
14 D 630 589 1
15 D 630 622 1
16 D 630 749 1
17 D 630 757 1
18 D 630 848 1
19 D 630 919 1
0 L 0 29 1
1 L 0 296 1
2 L 0 312 1
3 L 0 419 1
4 L 0 632 1
5 L 0 719 1
6 L 0 775 1
7 L 0 790 1
8 L 0 831 1
9 L 0 849 1
10 L 0 861 1
11 L 0 935 1
0 D 333 29 1
1 D 333 296 1
2 D 333 312 1
3 D 333 419 1
4 D 333 632 1
5 D 333 719 1
6 D 333 775 1
7 D 333 790 1
8 D 333 831 1
9 D 333 849 1
10 D 333 861 1
11 D 333 935 1
12 L 0 83 1
13 L 0 177 1
14 L 0 551 1
15 L 0 563 1
16 L 0 603 1
17 L 0 863 1
18 L 0 961 1
12 D 724 83 1
13 D 724 177 1
14 D 724 551 1
15 D 724 563 1
16 D 724 603 1
17 D 724 863 1
18 D 724 961 1
19 L 0 57 1
0 L 0 114 1
1 L 0 347 1
2 L 0 415 1
3 L 0 525 1
4 L 0 638 1
5 L 0 680 1
6 L 0 940 1
19 D 95 57 1
0 D 95 114 1
1 D 95 347 1
2 D 95 415 1
3 D 95 525 1
4 D 95 638 1
5 D 95 680 1
6 D 95 940 1
7 L 0 242 1
8 L 0 263 1
9 L 0 427 1
10 L 0 455 1
11 L 0 722 1
7 D 126 242 1
8 D 126 263 1
9 D 126 427 1
10 D 126 455 1
11 D 126 722 1
12 L 0 89 1
13 L 0 541 1
14 L 0 837 1
15 L 0 878 1
12 D 764 89 1
13 D 764 541 1
14 D 764 837 1
15 D 764 878 1
16 L 0 107 1
17 L 0 231 1
18 L 0 239 1
19 L 0 835 1
0 L 0 922 1
1 L 0 946 1
16 D 749 107 1
17 D 749 231 1
18 D 749 239 1
19 D 749 835 1
0 D 749 922 1
1 D 749 946 1
2 L 0 17 1
3 L 0 136 1
4 L 0 184 1
5 L 0 314 1
6 L 0 926 1
7 L 0 974 1
2 D 399 17 1
3 D 399 136 1
4 D 399 184 1
5 D 399 314 1
6 D 399 926 1
7 D 399 974 1
8 L 0 157 1
9 L 0 215 2
10 L 0 627 1
11 L 0 686 1
12 L 0 816 1
13 L 0 974 1
14 L 0 999 1
8 D 389 157 1
9 D 389 215 2
10 D 389 627 1
11 D 389 686 1
12 D 389 816 1
13 D 389 974 1
14 D 389 999 1
15 L 0 265 1
16 L 0 283 1
17 L 0 390 1
18 L 0 453 1
19 L 0 469 1
0 L 0 719 1
1 L 0 806 1
2 L 0 840 1
3 L 0 914 1
4 L 0 920 1
15 D 688 265 1
16 D 688 283 1
17 D 688 390 1
18 D 688 453 1
19 D 688 469 1
0 D 688 719 1
1 D 688 806 1
2 D 688 840 1
3 D 688 914 1
4 D 688 920 1
5 L 0 443 1
6 L 0 470 1
7 L 0 513 1
8 L 0 543 1
9 L 0 622 1
10 L 0 666 1
11 L 0 753 1
12 L 0 924 1
5 D 627 443 1
6 D 627 470 1
7 D 627 513 1
8 D 627 543 1
9 D 627 622 1
10 D 627 666 1
11 D 627 753 1
12 D 627 924 1
13 L 0 4 1
14 L 0 31 1
15 L 0 243 1
16 L 0 631 1
17 L 0 794 1
18 L 0 898 1
19 L 0 940 1
13 D 582 4 1
14 D 582 31 1
15 D 582 243 1
16 D 582 631 1
17 D 582 794 1
18 D 582 898 1
19 D 582 940 1
0 L 0 195 1
1 L 0 314 1
2 L 0 456 1
3 L 0 569 1
4 L 0 598 1
5 L 0 624 1
6 L 0 964 1
0 D 196 195 1
1 D 196 314 1
2 D 196 456 1
3 D 196 569 1
4 D 196 598 1
5 D 196 624 1
6 D 196 964 1
7 L 0 183 1
8 L 0 260 1
9 L 0 268 1
10 L 0 297 1
11 L 0 318 1
12 L 0 594 1
13 L 0 951 1
7 D 692 183 1
8 D 692 260 1
9 D 692 268 1
10 D 692 297 1
11 D 692 318 1
12 D 692 594 1
13 D 692 951 1
14 L 0 67 1
15 L 0 121 1
16 L 0 164 1
17 L 0 168 1
18 L 0 453 1
19 L 0 533 1
0 L 0 659 1
1 L 0 726 1
2 L 0 863 1
3 L 0 879 1
14 D 507 67 1
15 D 507 121 1
16 D 507 164 1
17 D 507 168 1
18 D 507 453 1
19 D 507 533 1
0 D 507 659 1
1 D 507 726 1
2 D 507 863 1
3 D 507 879 1
4 L 0 219 1
5 L 0 352 1
6 L 0 456 1
7 L 0 643 1
8 L 0 719 1
9 L 0 948 1
4 D 183 219 1
5 D 183 352 1
6 D 183 456 1
7 D 183 643 1
8 D 183 719 1
9 D 183 948 1
10 L 0 2 1
11 L 0 177 1
12 L 0 346 1
13 L 0 364 1
14 L 0 536 1
10 D 511 2 1
11 D 511 177 1
